      0/54     12.8G    0.0579   0.02244         0   0.08034       119       640    0.5374     0.442    0.3089    0.1896   0.07719   0.01366         0
      1/54     10.7G   0.05272    0.0216         0   0.07431        86       640   0.06322    0.0665   0.02165  0.007977   0.07679    0.0186         0
      2/54     10.7G   0.06067   0.02222         0   0.08289       111       640    0.2814    0.2705    0.1651   0.07395   0.08768   0.01495         0
      3/54     12.1G   0.05876   0.02258         0   0.08134        93       640    0.4281    0.4035    0.2879    0.1557   0.09589   0.01427         0
      4/54     12.1G   0.05718   0.02225         0   0.07943       133       640    0.5009    0.4315    0.3205    0.2052   0.07432   0.01493         0
      5/54     12.1G   0.05377   0.02253         0    0.0763       112       640    0.5015     0.506    0.3708    0.2352   0.07797   0.01479         0
      6/54     14.4G   0.05192   0.02244         0   0.07437        98       640    0.1297    0.4545   0.08505   0.03693   0.07857    0.0301         0
      7/54     14.4G   0.05014   0.02232         0   0.07245        89       640    0.5525     0.544    0.4171    0.2745   0.07849   0.01478         0
      8/54     14.4G   0.04846   0.02224         0   0.07071        99       640    0.5826    0.5975    0.4513    0.2982   0.07402   0.01439         0
      9/54     14.4G   0.04762    0.0221         0   0.06972       125       640    0.4979    0.5735     0.392    0.2569   0.07693   0.01483         0
     10/54     14.4G   0.04981   0.02241         0   0.07222       104       640     0.504    0.5482     0.404     0.273   0.07838   0.01454         0
     11/54     14.4G   0.04674   0.02239         0   0.06912       127       640    0.2401    0.5509    0.1845    0.1084   0.07322   0.03991         0
     12/54     14.4G   0.04783   0.02235         0   0.07018       120       640    0.5355     0.488    0.4083    0.2816    0.0684   0.01486         0
     13/54     14.4G   0.04493   0.02234         0   0.06727       111       640    0.4271    0.5905    0.3618    0.2325   0.06883   0.01503         0
     14/54     14.4G   0.04437   0.02243         0    0.0668       113       640    0.5608    0.5932    0.4615    0.3171   0.06148   0.01511         0
     15/54     14.4G   0.04521   0.02229         0    0.0675       104       640    0.2892    0.5925    0.2209    0.1389   0.06353   0.02291         0
     16/54     14.4G   0.04438   0.02259         0   0.06698        96       640    0.2201    0.6495    0.1811    0.1114   0.06592   0.02924         0
     17/54     14.4G   0.04456   0.02251         0   0.06707       101       640    0.5499    0.4965    0.4274    0.3069      0.07   0.01523         0
     18/54     14.4G   0.04309   0.02244         0   0.06553       124       640    0.5294     0.586    0.4465    0.3036   0.06343   0.01506         0
     19/54     14.4G   0.04274   0.02241         0   0.06515        82       640    0.5558     0.612    0.4933    0.3417   0.06338   0.01492         0
     20/54     14.4G   0.04261   0.02249         0    0.0651       128       640    0.5102    0.5797    0.4673    0.3251   0.06379   0.01527         0
     21/54     14.4G   0.04307   0.02259         0   0.06566        95       640    0.3948    0.6219    0.3333    0.2148    0.0674   0.02238         0
     22/54     14.4G   0.04249   0.02239         0   0.06488       130       640    0.5583     0.622    0.4809    0.3225   0.06175   0.01499         0
     23/54     14.4G    0.0414   0.02268         0   0.06408       111       640    0.5542     0.623    0.4992    0.3507   0.06455   0.01465         0
     24/54     14.4G   0.04202   0.02269         0   0.06471       100       640    0.5678    0.5975     0.494     0.348   0.06375   0.01506         0
     25/54     14.4G   0.04089   0.02234         0   0.06323       113       640    0.5212    0.6085    0.4743    0.3321   0.06242   0.01487         0
     26/54     14.4G   0.04069   0.02268         0   0.06337        85       640    0.6027     0.604    0.5007    0.3443   0.06119   0.01525         0
     27/54     14.4G    0.0404   0.02259         0   0.06299       103       640     0.592    0.5965    0.5142    0.3609   0.06028    0.0149         0
     28/54     14.4G   0.04009   0.02268         0   0.06277        84       640    0.1523    0.6845    0.1283   0.07231   0.06701    0.1777         0
     29/54     14.4G   0.03957   0.02265         0   0.06222       134       640    0.5508     0.617    0.4742    0.3229   0.06695   0.01493         0
     30/54     14.4G   0.03932   0.02275         0   0.06207       133       640    0.5432    0.6595     0.519    0.3633   0.06464   0.01479         0
     31/54     14.4G   0.03909   0.02265         0   0.06174       128       640    0.6076     0.585    0.5438    0.3834   0.06173   0.01504         0
     32/54     14.4G   0.03825   0.02258         0   0.06082       118       640    0.4589      0.68    0.4158    0.2796   0.06211   0.01687         0
     33/54     14.4G   0.03762   0.02251         0   0.06013        98       640    0.4508    0.6635    0.3951    0.2646   0.06058   0.01959         0
     34/54     14.4G   0.03809   0.02237         0   0.06045       108       640    0.5189    0.6584    0.5171    0.3682   0.06352   0.01524         0
     35/54     14.4G   0.03784   0.02264         0   0.06048       115       640    0.4974    0.6785     0.473    0.3104   0.06237    0.0177         0
     36/54     14.4G   0.03749   0.02273         0   0.06022       135       640    0.5562      0.63    0.4977    0.3372   0.06124   0.01531         0
     37/54     14.4G   0.03699   0.02267         0   0.05966       118       640    0.5065     0.671     0.486    0.3338    0.0625   0.01519         0
     38/54     14.4G   0.03679   0.02244         0   0.05924       133       640    0.3899     0.683     0.345    0.2256   0.06143   0.01997         0
     39/54     14.4G   0.03635   0.02269         0   0.05904       107       640    0.4065     0.683    0.3628    0.2358   0.06143   0.01766         0
     40/54     14.4G   0.03584   0.02222         0   0.05806       119       640    0.5229    0.6718       0.5    0.3445    0.0607   0.01517         0
     41/54     14.4G   0.03611   0.02234         0   0.05845       101       640    0.5599    0.6519    0.5391    0.3797   0.06229   0.01466         0
     42/54     14.4G   0.03601   0.02241         0   0.05843        77       640    0.5421    0.6534    0.5258    0.3712   0.06226   0.01477         0
     43/54     14.4G   0.03611   0.02249         0   0.05859       130       640    0.5706    0.6565    0.5571    0.3898    0.0609   0.01479         0
     44/54     14.4G   0.03513   0.02244         0   0.05757       102       640    0.4806     0.664    0.4205    0.2804   0.06232   0.01673         0
     45/54     14.4G   0.03512   0.02268         0    0.0578       126       640    0.4229     0.654    0.3714    0.2463   0.06195    0.0178         0
     46/54     14.4G   0.03523   0.02236         0   0.05759       122       640    0.5409    0.6933    0.5281    0.3747   0.06087   0.01482         0
     47/54     14.4G   0.03577   0.02235         0   0.05812        94       640     0.387     0.702    0.3446    0.2252   0.06216   0.02082         0
     48/54     14.4G   0.03491   0.02244         0   0.05735       120       640    0.5164    0.6845    0.4898    0.3454    0.0622   0.01478         0
     49/54     14.4G   0.03542   0.02249         0   0.05791       127       640     0.473     0.675    0.4316    0.2898   0.06121   0.01561         0
     50/54     14.4G   0.03476    0.0222         0   0.05696        76       640    0.5389    0.6775    0.5427     0.391   0.06168   0.01471         0
     51/54     14.4G    0.0342    0.0221         0    0.0563       110       640    0.5656     0.657    0.5614    0.3971   0.06065   0.01473         0
     52/54     14.4G   0.03427   0.02221         0   0.05648        79       640    0.5313     0.679    0.5333    0.3706   0.06034   0.01493         0
     53/54     14.4G   0.03499   0.02228         0   0.05728       119       640    0.5166    0.6845    0.5048    0.3489   0.06054   0.01498         0
     54/54     14.4G   0.03421   0.02232         0   0.05653        88       640    0.5711     0.642    0.5607    0.4001   0.05907   0.01486         0
